;IM;RNN;0;2;0;0;0;0;1;16;0.0;0.001;[250];[32];0;1;[200];100
Train_MAE;Train_MSE;Train_MAPE;Val_MAE;Val_MSE;Val_MAPE;Trans_MAE;Trans_MSE;Trans_MAPE;Test_MSE;Test_MAE;Test_MAPE;Pred_MSE;Pred_MAE;Pred_MAPE;AOF
3.248931407928467;1.3247308731079102;21.453725814819336;12.665928840637207;6.507185459136963;165.95091247558594;12.665928840637207;6.507185459136963;165.95091247558594;618.5674353346557;20.377874782179685;9.237403937716065;5109.134024010865;53.11939432783434;38.310113512887085;243.27127075195312
3.9778451919555664;1.58791983127594;33.69629669189453;16.2111873626709;8.291743278503418;508.3091125488281;16.2111873626709;8.291743278503418;508.3091125488281;65099.34981936287;155.13465945416579;76.07474846847047;72421.82696763396;194.4194286180581;140.66519510818432;-246.56752014160156
3.9436824321746826;1.5725343227386475;33.80305099487305;13.229400634765625;6.795384407043457;182.16476440429688;13.229400634765625;6.795384407043457;182.16476440429688;627.3141032694375;21.35925517383091;9.543815741221405;5204.949590145389;54.547394125317204;38.949048765367436;240.71484375
3.435988187789917;1.395817756652832;23.908191680908203;10.122540473937988;5.169541358947754;299.73272705078125;10.122540473937988;5.169541358947754;299.73272705078125;65565.65851685606;153.46914488437025;75.59904829200536;73830.50011341124;193.99014169653174;141.27457067600096;-247.61541748046875
3.9339537620544434;1.5687273740768433;32.977699279785156;11.265804290771484;5.786929607391357;134.36770629882812;11.265804290771484;5.786929607391357;134.36770629882812;567.1304994154656;19.975139404934218;8.98901505381725;5267.95427645265;53.971744998356;38.910711343423536;228.1990966796875
3.4418349266052246;1.400510311126709;23.755916595458984;9.082983016967773;4.634013652801514;299.06817626953125;9.082983016967773;4.634013652801514;299.06817626953125;65346.00109821186;152.9493297519763;75.37831411634372;218417.29637661023;461.29620710148976;234.90732427124215;-248.62887573242188
3.8824100494384766;1.5454055070877075;32.016502380371094;12.003233909606934;6.1656599044799805;151.40673828125;12.003233909606934;6.1656599044799805;151.40673828125;842.2987958027758;24.651495733966858;11.014289724792741;6612.616269506895;73.20039071223799;46.59601070165166;211.5447540283203
3.293520927429199;1.344280481338501;21.967117309570312;10.186519622802734;5.234516143798828;108.74510192871094;10.186519622802734;5.234516143798828;108.74510192871094;141.33218529877985;11.155660798102808;4.558871214303142;73724.63183525662;193.6926305601754;141.16796167381554;-250.505859375
3.192211627960205;1.2997955083847046;20.156570434570312;12.21511459350586;6.270273685455322;166.0511016845703;12.21511459350586;6.270273685455322;166.0511016845703;492.4191259064641;18.925807705263306;8.464087520699657;72984.86475684895;193.00949548801643;140.50956852476966;-249.7681884765625
