num;Mean_mse;Mean_mae;Mean_mape;Mean_aof;Median_aof;Variance;sequence;model;hour;last;tr1;tr2;gauss_noise;sin_noise;train_percent;layer_size;reg1;reg2;epochs;batch_sizes;sqrp;time_delta;epochs_1;trans_size
8854435928710149142;574.4623604190975;565.79772096531;557.6914863109303;-131.2877975463867;-235.4288787841797;28853.39993580061;IM;RNN;0;2;0;0;0;0;1;16;0.0;0.0;[150];[32];0;1;[50];200
604789921617751356;479.20609843256517;471.3108411740165;463.9150266951866;-22.984091186523436;-64.92454528808594;44137.188238149756;IM;RNN;0;2;0;0;0;0;1;16;0.0;0.0;[150];[32];0;1;[50];75
5536541588648432881;475.58853086747484;467.7065961099852;460.3435017609989;-42.480577087402345;-229.62471771240234;54221.191428978156;IM;RNN;0;2;0;0;0;0;1;16;0.0;0.0;[150];[32];0;1;[50];100
990000348252001753;531.167679836934;522.8460477479048;515.0548250921029;-126.52836456298829;-217.24877166748047;25707.125148684456;IM;RNN;0;2;0;0;0;0;1;16;0.0;0.0;[150];[32];0;1;[50];150
7897356221872974010;439.8781168526758;432.31266258249536;425.2307298366609;-117.10078277587891;-230.38892364501953;28328.787336429938;IM;RNN;0;2;0;0;0;0;1;16;0.0;0.0;[150];[32];0;1;[50];50
5011832230427826955;738.7799282823892;728.9761379812269;719.7718078563782;-73.00068054199218;-231.50999450683594;41847.33138885527;IM;RNN;0;2;0;0;0;0;1;16;0.0;0.0;[150];[32];0;1;[100];200
6493734196066596548;576.1078819358611;567.424286307307;559.3056780516459;-81.42963256835938;-235.32614135742188;49463.17249362599;IM;RNN;0;2;0;0;0;0;1;16;0.0;0.0;[150];[32];0;1;[100];100
2467302971223599947;536.2477692326149;527.8746943152131;520.0458099156069;-37.08922271728515;-227.0412826538086;56902.23980954294;IM;RNN;0;2;0;0;0;0;1;16;0.0;0.0;[150];[32];0;1;[100];75
865876283724263424;663.608835924095;654.3753426946934;645.6550219059372;-40.250326538085936;-229.8693389892578;57146.232923821124;IM;RNN;0;2;0;0;0;0;1;16;0.0;0.0;[150];[32];0;1;[100];150
7791680619285413718;477.47497138417975;469.5729310120948;462.19716370744516;-6.5048271179199215;-50.60344314575195;46374.824978143515;IM;RNN;0;2;0;0;0;0;1;16;0.0;0.0;[150];[32];0;1;[100];50
5252277551483822004;835.7237932151478;807.1478658726201;786.187066839753;-84.69507598876953;-232.7719955444336;50555.941678645424;IM;RNN;0;2;0;0;0;0;1;16;0.0;0.0;[150];[32];0;1;[150];200
6341573870086856347;663.2513346923517;653.9332407195704;645.2161199021282;-36.738894653320315;-218.98259735107422;57340.149098065216;IM;RNN;0;2;0;0;0;0;1;16;0.0;0.0;[150];[32];0;1;[150];100
2629949201875536732;603.3078210525476;594.4228631252342;586.1171186347212;56.02407379150391;237.03369903564453;57171.1969760046;IM;RNN;0;2;0;0;0;0;1;16;0.0;0.0;[150];[32];0;1;[150];75
7429947969640412932;752.333807319039;742.3528905718974;733.0680350709019;-1.3928909301757812;-20.82392120361328;57179.16817452592;IM;RNN;0;2;0;0;0;0;1;16;0.0;0.0;[150];[32];0;1;[150];150
2679845472583988601;537.4854884323399;529.10713121984;521.269046893835;68.71060180664062;207.61168670654297;43466.53967004861;IM;RNN;0;2;0;0;0;0;1;16;0.0;0.0;[150];[32];0;1;[150];50
1238785741189189578;820.7917339918582;810.496652864251;800.8674496232098;58.82438354492187;247.18173217773438;59516.85533629897;IM;RNN;0;2;0;0;0;0;1;16;0.0;0.0;[150];[32];0;1;[200];200
5014169678892368947;641.2906269354633;632.1406767161416;623.5730358081514;-30.251498413085937;-197.27349853515625;56750.128848901615;IM;RNN;0;2;0;0;0;0;1;16;0.0;0.0;[150];[32];0;1;[200];75
8104585866932987476;669.3797288502682;660.0235171662023;651.2732861293789;7.982557678222657;-2.4457244873046875;60679.21491352322;IM;RNN;0;2;0;0;0;0;1;16;0.0;0.0;[150];[32];0;1;[200];100
2594381125023216539;820.449714013138;810.0844156707743;800.3811995399994;6.499563598632813;16.59192657470703;59306.55815229169;IM;RNN;0;2;0;0;0;0;1;16;0.0;0.0;[150];[32];0;1;[200];150
6594801108957922140;531.1659525144443;522.828477022925;515.0369609490489;-39.65413818359375;-233.6129913330078;56749.660439467036;IM;RNN;0;2;0;0;0;0;1;16;0.0;0.0;[150];[32];0;1;[200];50
7470540073633717174;661.4309443395445;673.5439444088005;678.9318670394599;-136.02011413574218;-223.8163833618164;39999.49087822348;IM;RNN;0;2;0;0;0;0;1;16;0.0;0.0;[200];[32];0;1;[50];200
1779451265377428622;787.8091123118328;2650.15183367057;3666.328368805481;110.05715484619141;242.03378295898438;47326.25786265172;IM;RNN;0;2;0;0;0;0;1;16;0.0;0.0;[200];[32];0;1;[50];75
6262819650278457757;779.8435925216415;786.2121789095756;784.4664967063309;-56.48119964599609;-236.74878692626953;54757.483684223065;IM;RNN;0;2;0;0;0;0;1;16;0.0;0.0;[200];[32];0;1;[50];100
9140780583203605805;675.511702128665;805.8329857401321;2130.3166285446946;15.30701141357422;26.5950927734375;59115.41856296463;IM;RNN;0;2;0;0;0;0;1;16;0.0;0.0;[200];[32];0;1;[50];150
313434584752572881;1041.964192504996;1030.3473316771817;1019.4172821714374;-24.85445556640625;-165.37489318847656;61219.66283942365;IM;RNN;0;2;0;0;0;0;1;16;0.0;0.0;[200];[32];0;1;[100];200
2643103196405830667;953.870729190981;943.3983621920204;933.008570259598;2.1353363037109374;5.764656066894531;61615.313403714776;IM;RNN;0;2;0;0;0;0;1;16;0.0;0.0;[200];[32];0;1;[50];50
934607891472263393;870.8929931633651;844.835789466128;835.2774355815042;-35.84151763916016;-183.36380767822266;54804.32373876101;IM;RNN;0;2;0;0;0;0;1;16;0.0;0.0;[200];[32];0;1;[100];75
4797118541751865090;656.3893258616696;700.3723360157121;713.8170361310733;46.45301513671875;235.3113250732422;58543.51214592595;IM;RNN;0;2;0;0;0;0;1;16;0.0;0.0;[200];[32];0;1;[100];100
7615678294008393210;749.6630756099682;722.5579210313573;721.1828541906541;-24.113350009918214;-104.20171403884888;52445.37700326466;IM;RNN;0;2;0;0;0;0;1;16;0.0;0.0;[200];[32];0;1;[100];150
3773221491629428674;736.4316786220977;731.0995267831156;728.7366964276464;8.544859313964844;11.050483703613281;63129.297882664694;IM;RNN;0;2;0;0;0;0;1;16;0.0;0.0;[200];[32];0;1;[150];200
3604462786422236903;828.0622573555029;825.6510405116475;817.1530580614291;54.73911895751953;234.29840087890625;59946.277515539725;IM;RNN;0;2;0;0;0;0;1;16;0.0;0.0;[200];[32];0;1;[100];50
4050586233593195042;722.0696438139239;722.3206931196112;724.9975601347412;33.48461990356445;132.63593673706055;53374.269703079146;IM;RNN;0;2;0;0;0;0;1;16;0.0;0.0;[200];[32];0;1;[150];75
6982833491960087597;705.1091789008057;674.6662754184058;679.4979671311984;44.69319610595703;157.54901885986328;43871.830784902115;IM;RNN;0;2;0;0;0;0;1;16;0.0;0.0;[200];[32];0;1;[150];100
3800281273952457214;812.1221902278953;796.9944500435615;782.2298525848557;39.99138641357422;215.9383544921875;53820.65445511845;IM;RNN;0;2;0;0;0;0;1;16;0.0;0.0;[200];[32];0;1;[150];150
6391604600278131232;588.0524918132677;604.5656406940719;626.9148639522621;-39.92143249511719;-218.88339233398438;61281.16667395821;IM;RNN;0;2;0;0;0;0;1;16;0.0;0.0;[200];[32];0;1;[200];200
3218485018319309973;739.9005592928796;723.403220685149;716.451803340856;57.37520294189453;240.6458511352539;56562.80333470581;IM;RNN;0;2;0;0;0;0;1;16;0.0;0.0;[200];[32];0;1;[200];75
1987494369304856726;730.5128464603426;735.4196964764317;732.2458095466902;58.905555725097656;239.88944244384766;57170.83415420522;IM;RNN;0;2;0;0;0;0;1;16;0.0;0.0;[200];[32];0;1;[150];50
7684683784729878177;399.29048263616767;458.10141272136536;489.3818531953034;-161.31167907714843;-251.4492416381836;32329.029594040425;IM;RNN;0;2;0;0;0;0;1;16;0.0;0.0;[200];[32];0;1;[200];100
8074200492768336936;587.9878213505132;619.4184200640784;657.9637566951125;41.500341796875;198.4634552001953;57484.89458721327;IM;RNN;0;2;0;0;0;0;1;16;0.0;0.0;[200];[32];0;1;[200];150
5222434759576780061;681.1970221059275;706.4640977636163;709.7336478101936;94.77975006103516;235.43687438964844;52237.08634348633;IM;RNN;0;2;0;0;0;0;1;16;0.0;0.0;[250];[32];0;1;[50];200
7318889836080533466;637.622006178233;678.7030759038178;681.0231169033718;55.65003204345703;239.8602752685547;55086.88308880344;IM;RNN;0;2;0;0;0;0;1;16;0.0;0.0;[250];[32];0;1;[50];75
2119937232018635677;584.8286689327948;677.8573527553749;718.9867409774245;88.5584487915039;191.4676971435547;41587.883521781034;IM;RNN;0;2;0;0;0;0;1;16;0.0;0.0;[250];[32];0;1;[50];150
2854129184945073522;535.8178532637186;635.2450015704694;650.5554612049052;34.103485107421875;167.59912109375;56608.57417330155;IM;RNN;0;2;0;0;0;0;1;16;0.0;0.0;[250];[32];0;1;[50];100
9157567790079203975;809.7521509734718;761.3659218651768;725.6933965116677;-40.53329620361328;-216.60940551757812;61281.40377737683;IM;RNN;0;2;0;0;0;0;1;16;0.0;0.0;[250];[32];0;1;[100];200
7561631355152095752;725.0553848332532;696.8734015243924;688.6337798549139;62.24820251464844;224.2950439453125;51707.75749271008;IM;RNN;0;2;0;0;0;0;1;16;0.0;0.0;[200];[32];0;1;[200];50
3787632313934482499;683.2922639340514;713.3629294741728;716.6172128312203;-13.694100952148437;-39.033119201660156;55213.35564539919;IM;RNN;0;2;0;0;0;0;1;16;0.0;0.0;[250];[32];0;1;[100];75
5559393949127994798;646.4318998886902;905.4467072353276;2241.8672355483077;47.76108245849609;220.74536895751953;60739.09644182961;IM;RNN;0;2;0;0;0;0;1;16;0.0;0.0;[250];[32];0;1;[100];150
3228658658342750550;574.7817210407936;628.7234994406086;641.0037240351496;-3.4822036743164064;-15.682441711425781;59891.12876448575;IM;RNN;0;2;0;0;0;0;1;16;0.0;0.0;[250];[32];0;1;[100];100
5535556264620858861;568.7437961633423;600.3586268580236;609.6519679936524;34.22633018493652;113.72274971008301;41166.7076202667;IM;RNN;0;2;0;0;0;0;1;16;0.0;0.0;[250];[32];0;1;[150];200
5293970037636890596;635.7135243478081;621.7312432332569;627.3223571886475;152.5814208984375;245.61579132080078;36877.40405960158;IM;RNN;0;2;0;0;0;0;1;16;0.0;0.0;[250];[32];0;1;[50];50
7643548502280896315;637.8610569848521;674.9164658927441;691.3564518948331;4.313151550292969;17.519424438476562;59954.489041985435;IM;RNN;0;2;0;0;0;0;1;16;0.0;0.0;[250];[32];0;1;[150];75
8321511212577489606;515.4307801152015;496.1769897134621;512.2798062848494;135.23470764160157;234.73242950439453;37218.10721686388;IM;RNN;0;2;0;0;0;0;1;16;0.0;0.0;[250];[32];0;1;[200];200
7796415341392493612;485.0980135676027;524.7688647245675;544.5932615622421;4.319244384765625;-8.098182678222656;59138.051924773725;IM;RNN;0;2;0;0;0;0;1;16;0.0;0.0;[250];[32];0;1;[150];150
4103028935399679523;965.5631032724971;5114.994491602398;5522.620520810184;48.08115081787109;208.2562713623047;53689.45454573487;IM;RNN;0;2;0;0;0;0;1;16;0.0;0.0;[250];[32];0;1;[150];100
8297926981204137888;513.7179425175407;569.507504221421;587.644749962997;63.598480224609375;251.29277801513672;57903.40968565433;IM;RNN;0;2;0;0;0;0;1;16;0.0;0.0;[250];[32];0;1;[100];50
1253829025013768347;568.8745943582704;560.2564867121876;552.1900640527405;-81.37102355957032;-234.9035186767578;47991.26104593161;IM;RNN;0;2;0;0;0;0;1;16;0.0;0.001;[150];[32];0;1;[50];200
4503203352584094792;612.8742086592487;566.3217971006185;566.2195170071152;51.417485046386716;221.42198944091797;56049.83960534893;IM;RNN;0;2;0;0;0;0;1;16;0.0;0.0;[250];[32];0;1;[200];75
7984444625450454198;539.8690225965208;644.2754840276646;665.2715234640309;-2.689154052734375;-22.26166534423828;59383.05966893323;IM;RNN;0;2;0;0;0;0;1;16;0.0;0.0;[250];[32];0;1;[200];150
7443062135007665176;450.16419648779646;585.546307008585;695.3544870621816;-3.561767578125;-11.209114074707031;60665.28029703694;IM;RNN;0;2;0;0;0;0;1;16;0.0;0.0;[250];[32];0;1;[200];100
6257626385290168388;732.0069142898742;722.237829264388;713.0754103636328;-65.54352951049805;-196.16251373291016;48775.93567347018;IM;RNN;0;2;0;0;0;0;1;16;0.0;0.001;[150];[32];0;1;[100];200
8273837489437913034;459.43292086323197;451.6852307951264;444.44538873894516;-6.0317024230957035;-73.30450057983398;53188.16686933676;IM;RNN;0;2;0;0;0;0;1;16;0.0;0.001;[150];[32];0;1;[50];75
5150841474609194743;530.5548313031702;522.2360035990272;514.4488643137933;57.32310180664062;238.13904571533203;56652.74621247159;IM;RNN;0;2;0;0;0;0;1;16;0.0;0.001;[150];[32];0;1;[50];150
463626676745044516;638.7531402038977;608.6140709869476;610.3467986187309;-39.04399108886719;-221.9940414428711;60323.000407269225;IM;RNN;0;2;0;0;0;0;1;16;0.0;0.0;[250];[32];0;1;[150];50
3948505763458096464;485.4739700202258;477.51089720895123;470.06615662253324;-48.120541381835935;-232.18286895751953;51439.89023434998;IM;RNN;0;2;0;0;0;0;1;16;0.0;0.001;[150];[32];0;1;[50];100
6662672882168636796;800.2777283327769;793.0273761668676;784.8765470493438;64.00614624023437;196.45346069335938;45608.58152069612;IM;RNN;0;2;0;0;0;0;1;16;0.0;0.001;[150];[32];0;1;[150];200
5311949035480210455;540.6294792881636;532.2289239645836;524.3679850286935;-33.89936218261719;-211.9176788330078;56200.55317550886;IM;RNN;0;2;0;0;0;0;1;16;0.0;0.001;[150];[32];0;1;[100];75
3550469522988057957;647.6369197942047;638.438581432056;629.8290109298433;-39.71340637207031;-211.59176635742188;54436.36210024091;IM;RNN;0;2;0;0;0;0;1;16;0.0;0.001;[150];[32];0;1;[100];150
6192250847441782169;581.7820539528327;573.0566986304005;564.8980599273211;11.62017822265625;5.801399230957031;61252.356366790555;IM;RNN;0;2;0;0;0;0;1;16;0.0;0.001;[150];[32];0;1;[100];100
2484292785460221910;517.2525924560664;524.6715839882769;549.2809853663482;-87.28829498291016;-228.76366424560547;49397.40171212326;IM;RNN;0;2;0;0;0;0;1;16;0.0;0.0;[250];[32];0;1;[200];50
2833910299158640691;793.672017906017;793.3627723798761;815.1746935526018;2.053080749511719;19.06658172607422;50715.08980579558;IM;RNN;0;2;0;0;0;0;1;16;0.0;0.001;[150];[32];0;1;[200];200
6008194801070591717;609.8866838576334;600.9569349462163;592.6015953818994;-42.171661376953125;-190.9875946044922;48795.320968023545;IM;RNN;0;2;0;0;0;0;1;16;0.0;0.001;[150];[32];0;1;[150];75
8417914552785027189;712.3786446277361;702.0339011017502;692.0177798571443;58.52571105957031;229.09982299804688;58775.364163823564;IM;RNN;0;2;0;0;0;0;1;16;0.0;0.001;[150];[32];0;1;[150];150
2180446031089276085;665.0682212510701;655.739576547754;647.0106281595265;13.035610961914063;28.406028747558594;55532.246803984315;IM;RNN;0;2;0;0;0;0;1;16;0.0;0.001;[150];[32];0;1;[150];100
5685016923735436973;672.0653904102467;707.0469401812676;710.0023181169979;-112.12436065673828;-246.56820678710938;45416.369459217254;IM;RNN;0;2;0;0;0;0;1;16;0.0;0.001;[200];[32];0;1;[50];200
2612855260538381233;435.14309597608536;427.60502164805877;420.56121433098497;11.294091796875;0.35503387451171875;58707.97122410681;IM;RNN;0;2;0;0;0;0;1;16;0.0;0.001;[150];[32];0;1;[50];50
2759145985817120440;624.631615326304;615.6305081495595;607.1744479594857;-45.010125732421876;-232.2774887084961;54434.42318108992;IM;RNN;0;2;0;0;0;0;1;16;0.0;0.001;[150];[32];0;1;[200];75
1157484361281992077;828.8180135006799;818.4826584472075;808.7338015137814;-94.9603515625;-240.2408447265625;48948.37083946887;IM;RNN;0;2;0;0;0;0;1;16;0.0;0.001;[150];[32];0;1;[200];150
7030316850156598081;679.7887161093961;670.3835353487499;661.558777257294;-94.35888061523437;-237.735107421875;46524.37574732896;IM;RNN;0;2;0;0;0;0;1;16;0.0;0.001;[150];[32];0;1;[200];100
1666926086213043022;706.5212195139922;724.1770572629273;730.8943148113958;-49.51866912841797;-245.1131134033203;60431.23102194426;IM;RNN;0;2;0;0;0;0;1;16;0.0;0.001;[200];[32];0;1;[100];200
6820232674736513312;480.3750501283422;472.44901178262063;465.0437405368405;-41.18533020019531;-232.37889099121094;55162.04132199053;IM;RNN;0;2;0;0;0;0;1;16;0.0;0.001;[150];[32];0;1;[100];50
7995106756514129248;594.7764817481269;655.7667287873713;665.0447680645123;144.1493667602539;225.04850006103516;34005.62958481974;IM;RNN;0;2;0;0;0;0;1;16;0.0;0.001;[200];[32];0;1;[50];75
3539336917547499837;681.8248057012319;740.0660544005293;753.675940906913;-94.07764892578125;-239.64840698242188;52192.8997571643;IM;RNN;0;2;0;0;0;0;1;16;0.0;0.001;[200];[32];0;1;[50];150
7295088767676226669;650.355744365304;2514.047546619777;17151.732454814854;-61.46372528076172;-222.88990783691406;48643.52772187838;IM;RNN;0;2;0;0;0;0;1;16;0.0;0.001;[200];[32];0;1;[50];100
2110858585252848991;789.8640004132634;4376.47120378445;5746.439363527456;52.20048065185547;233.4749984741211;61619.28857931788;IM;RNN;0;2;0;0;0;0;1;16;0.0;0.001;[200];[32];0;1;[150];200
3195309663941059245;720.5554646205128;739.4389540335605;761.4971925382979;-3.2582550048828125;-9.245849609375;57517.808561210426;IM;RNN;0;2;0;0;0;0;1;16;0.0;0.001;[200];[32];0;1;[100];75
5413991228018976128;428.476585622881;502.3688621392001;539.8923799730951;-3.9585357666015626;-20.021141052246094;60814.4367062823;IM;RNN;0;2;0;0;0;0;1;16;0.0;0.001;[200];[32];0;1;[100];150
3063204796366391914;527.5562167202859;519.2499570085891;511.4854532019049;8.616490173339844;-0.7785415649414062;58923.9447519057;IM;RNN;0;2;0;0;0;0;1;16;0.0;0.001;[150];[32];0;1;[150];50
4457538348321451161;580.9763800346146;609.64978305873;623.3301506851495;1.0904922485351562;-0.4389801025390625;59904.560833081;IM;RNN;0;2;0;0;0;0;1;16;0.0;0.001;[200];[32];0;1;[100];100
2251544951428031857;709.295680370036;686.222657019099;722.2140696804909;-12.854219055175781;-52.92134094238281;55369.33317475205;IM;RNN;0;2;0;0;0;0;1;16;0.0;0.001;[200];[32];0;1;[200];200
2613053277070488408;622.2983268196377;598.8777145408492;591.7053157762484;38.206477355957034;169.37457275390625;49261.887308677804;IM;RNN;0;2;0;0;0;0;1;16;0.0;0.001;[200];[32];0;1;[150];75
3612471622176042799;574.5218015002059;586.5918678068172;639.7678276263284;60.179867553710935;245.2580795288086;56953.55358601874;IM;RNN;0;2;0;0;0;0;1;16;0.0;0.001;[200];[32];0;1;[150];150
239317089192131110;550.09322718183;572.8700339567764;587.7312237527008;50.721412658691406;236.6771697998047;56562.05012555529;IM;RNN;0;2;0;0;0;0;1;16;0.0;0.001;[200];[32];0;1;[150];100
130313344234755081;531.9130704367251;523.5720172626178;515.7751511759325;7.454771423339844;4.2708587646484375;58348.996755948036;IM;RNN;0;2;0;0;0;0;1;16;0.0;0.001;[150];[32];0;1;[200];50
7443725168732545431;845.791417491772;1489.7454082085733;3634.72043512204;43.604975891113284;218.47161865234375;59561.853869248225;IM;RNN;0;2;0;0;0;0;1;16;0.0;0.001;[250];[32];0;1;[50];200
8646409381148849232;308.42490041344485;365.6714124436843;409.61905641132654;38.38758239746094;196.58432006835938;50718.71700409117;IM;RNN;0;2;0;0;0;0;1;16;0.0;0.001;[200];[32];0;1;[200];75
4822806423233366560;573.1443173289083;633.2876664473199;652.676786318804;62.29573364257813;233.80850219726562;52825.49695617318;IM;RNN;0;2;0;0;0;0;1;16;0.0;0.001;[200];[32];0;1;[200];150
5141543785701713661;515.496194700849;517.4520667315978;534.8661486079596;43.12373657226563;224.19933319091797;58357.67619992591;IM;RNN;0;2;0;0;0;0;1;16;0.0;0.001;[200];[32];0;1;[200];100
5376311432074074295;531.5384455339079;602.2129568478831;624.6755317172166;-10.440481567382813;-20.413803100585938;58198.11763235029;IM;RNN;0;2;0;0;0;0;1;16;0.0;0.001;[250];[32];0;1;[100];200
2087435116738433986;952.0835636232947;945.640809145442;935.4970184713715;48.58084564208984;230.18212127685547;58474.646221282004;IM;RNN;0;2;0;0;0;0;1;16;0.0;0.001;[200];[32];0;1;[50];50
8675596025925208327;327.4233275149492;453.60512511724335;507.3517346928205;-27.461638832092284;-106.2081880569458;52978.68014601448;IM;RNN;0;2;0;0;0;0;1;16;0.0;0.001;[250];[32];0;1;[50];75
3231182943887396297;824.3872314949679;816.0132367518726;813.0978520351883;0.5788925170898438;9.709739685058594;60821.16090469765;IM;RNN;0;2;0;0;0;0;1;16;0.0;0.001;[250];[32];0;1;[50];150
3894089215667554907;498.4757201039988;591.4039060907871;621.5369174075629;-7.989057922363282;-24.95336151123047;60287.07691716954;IM;RNN;0;2;0;0;0;0;1;16;0.0;0.001;[250];[32];0;1;[50];100
7980383697818338250;808.030663500648;726.2738953927168;746.7476914256628;138.46958618164064;228.1708984375;39005.70823313402;IM;RNN;0;2;0;0;0;0;1;16;0.0;0.001;[250];[32];0;1;[150];200
623672994257407562;707.7778367177772;2376.5269220824543;6433.719841304714;34.933274841308595;160.9281234741211;53228.18863991361;IM;RNN;0;2;0;0;0;0;1;16;0.0;0.001;[200];[32];0;1;[100];50
3263092465731067299;553.0989245034414;570.3745259213379;599.6798196523823;88.64538116455078;225.0654525756836;46769.745331653816;IM;RNN;0;2;0;0;0;0;1;16;0.0;0.001;[250];[32];0;1;[100];75
676219886944600880;691.4443187271938;704.2239135102274;701.3976228872009;43.01483001708984;180.9077911376953;57884.52611273995;IM;RNN;0;2;0;0;0;0;1;16;0.0;0.001;[250];[32];0;1;[100];150
6102762833922539662;864.8948537777239;4065.95631637981;4910.0311750264;55.87892608642578;232.96587371826172;61901.77566175093;IM;RNN;0;2;0;0;0;0;1;16;0.0;0.001;[250];[32];0;1;[200];200
9077548514585898907;453.62801497974925;511.3591854523919;530.2220227228738;37.86682281494141;206.0657958984375;55660.43544308909;IM;RNN;0;2;0;0;0;0;1;16;0.0;0.001;[250];[32];0;1;[100];100
1618932938049045616;583.5375581551395;602.363370553935;629.3983526476293;11.452505493164063;39.44397735595703;56710.02753182208;IM;RNN;0;2;0;0;0;0;1;16;0.0;0.001;[250];[32];0;1;[150];75
1959840458988357156;627.9727929677368;646.3914757218572;646.3524853491979;45.044796752929685;227.06723022460938;59644.11323178279;IM;RNN;0;2;0;0;0;0;1;16;0.0;0.001;[200];[32];0;1;[150];50
2186109760964963599;562.1539507071404;693.9785653287038;853.4877186485822;43.184619140625;220.7900161743164;58427.44665488022;IM;RNN;0;2;0;0;0;0;1;16;0.0;0.001;[250];[32];0;1;[150];150
666254023023395289;543.1662388891511;596.419597117371;613.0655129013498;49.59158935546875;232.08876037597656;57649.45405398138;IM;RNN;0;2;0;0;0;0;1;16;0.0;0.001;[250];[32];0;1;[150];100
1979539914777440761;549.5699092528856;3941.7766186872786;6236.776937997309;1.6737228393554688;8.443695068359375;57787.535812321796;IM;RNN;0;2;0;0;0;0;1;16;0.0;0.001;[250];[32];0;1;[200];75
647661918119642689;647.9956917381185;670.3171353959427;668.6999132951593;30.67707290649414;172.1473503112793;53971.69434843577;IM;RNN;0;2;0;0;0;0;1;16;0.0;0.001;[200];[32];0;1;[200];50
4153074764827891094;483.9434538491645;538.8816112102235;562.6979892944562;110.80127506256103;218.3726043701172;38023.80997051058;IM;RNN;0;2;0;0;0;0;1;16;0.0;0.001;[250];[32];0;1;[200];150
