MSE;MAE;MAPE;Pred_MSE;Pred_MAE;Pred_MAPE;AOF;PARAMETERS
430.0665479387394;18.933455416575214;7.47394298726672;11469.867385936968;84.23692726199268;57.593066657094504;-11.139449119567871;IM;0;2;0;0;0;0;1;16;0.0;0.0;[150];[32];0;1;[50];100
376.30155045655664;16.292138964167894;6.1348604438380105;11098.342984583795;84.19515088338329;57.031068580306915;-13.43577766418457;IM;0;2;0;0;0;0;1;16;0.0;0.0;[150];[32];0;1;[50];100
437.5933799015606;18.852040647973535;7.436511070131811;9474.534319756927;78.29175660937526;52.76230634647238;31.189327239990234;IM;0;2;0;0;0;0;1;16;0.0;0.0;[150];[32];0;1;[50];100
377.41740523197365;16.113837101434775;6.067431277817022;9133.72305551154;77.72620582449993;52.02190161571617;-9.253312110900879;IM;0;2;0;0;0;0;1;16;0.0;0.0;[150];[32];0;1;[50];100
459.7424706933972;19.476305493646304;7.723925406085725;13542.427970505914;91.29073706917163;62.59405094841933;-6.306650161743164;IM;0;2;0;0;0;0;1;16;0.0;0.0;[150];[32];0;1;[50];100
400.1832696299508;17.60173403843409;6.812728594967726;12360.708396519167;88.13584968954785;60.037059705885284;-27.38742446899414;IM;0;2;0;0;0;0;1;16;0.0;0.0;[150];[32];0;1;[50];100
423.60241512101715;17.799837587748943;6.918573911368791;10809.33390082972;83.87880907186069;56.501201551966716;-15.871620178222656;IM;0;2;0;0;0;0;1;16;0.0;0.0;[150];[32];0;1;[50];100
392.6132711745073;17.323682901916793;6.664663505826264;10501.722898085274;81.90306466966838;55.4507080591602;-14.413544654846191;IM;0;2;0;0;0;0;1;16;0.0;0.0;[150];[32];0;1;[50];100
373.16153900193746;16.828407509241597;6.435636805150797;10203.001928870792;80.59187574690253;54.60910952621511;19.000062942504883;IM;0;2;0;0;0;0;1;16;0.0;0.0;[150];[32];0;1;[50];100
