Time Pressure Rate
0 0.00024960001 286.22 400000
1 0.00027600001 285.56 400000
2 0.0003024 284.99 400000
3 0.00033360001 284.38 400000
4 0.0003672 283.79 400000
5 0.00040320001 283.22 400000
6 0.000444 282.63 400000
7 0.00048719998 282.05 400000
8 0.00053760002 281.44 400000
9 0.00059040001 280.86 400000
10 0.0006504 280.25 400000
11 0.00071519997 279.65 400000
12 0.00078480004 279.06 400000
13 0.00086400006 278.44 400000
14 0.00095040002 277.82 400000
15 0.0010464001 277.19 400000
16 0.0011496 276.57 400000
17 0.0012648001 275.93 400000
18 0.001392 275.28 400000
19 0.0015312 274.63 400000
20 0.0016848 273.98 400000
21 0.0018527999 273.32 400000
22 0.0020375999 272.65 400000
23 0.0022415998 271.98 400000
24 0.0024648001 271.31 400000
25 0.0027120002 270.62 400000
26 0.0029831999 269.93 400000
27 0.0032807998 269.24 400000
28 0.0036096 268.55 400000
29 0.003972 267.84 400000
30 0.0043680002 267.14 400000
31 0.0048047998 266.43 400000
32 0.0052848002 265.71 400000
33 0.0058128 265.0 400000
34 0.0063959998 264.27 400000
35 0.0070343995 263.55 400000
36 0.0077376002 262.82 400000
37 0.0085127996 262.09 400000
38 0.0093623996 261.35 400000
39 0.0102984 260.61 400000
40 0.0113304 259.87 400000
41 0.0124632 259.12 400000
42 0.0137088 258.38 400000
43 0.0150792 257.63 400000
44 0.016586401 256.88 400000
45 0.0182472 256.12 400000
46 0.020071201 255.36 400000
47 0.022077601 254.6 400000
48 0.0242856 253.84 400000
49 0.026714399 253.08 400000
50 0.0293856 252.31 400000
51 0.032325599 251.54 400000
52 0.035556 250.77 400000
53 0.039112799 250.0 400000
54 0.043024801 249.22 400000
55 0.0473256 248.45 400000
56 0.052058402 247.67 400000
57 0.057264 246.89 400000
58 0.062990397 246.11 400000
59 0.0692904 245.33 400000
60 0.076219201 244.54 400000
61 0.0838416 243.76 400000
62 0.092224799 242.97 400000
63 0.101448 242.18 400000
64 0.1115928 241.39 400000
65 0.1227528 240.6 400000
66 0.1350264 239.8 400000
67 0.1485288 239.01 400000
68 0.16338241 238.21 400000
69 0.17972161 237.41 400000
70 0.1976928 236.61 400000
71 0.21746159 235.81 400000
72 0.23920801 235.01 400000
73 0.26312879 234.21 400000
74 0.28944242 233.4 400000
75 0.31838638 232.6 400000
76 0.35022479 231.79 400000
77 0.38524801 230.98 400000
78 0.42377281 230.17 400000
79 0.4661496 229.35 400000
80 0.51276481 228.54 400000
81 0.56404078 227.73 400000
82 0.62044561 226.91 400000
83 0.68249041 226.09 400000
84 0.75073922 225.27 400000
85 0.82581365 224.45 400000
86 0.90839517 223.63 400000
87 0.99923527 222.8 400000
88 1.0991592 221.98 400000
89 1.2090744 221.15 400000
90 1.3299816 220.32 400000
91 1.46298 219.49 400000
92 1.6092768 218.66 400000
93 1.7702039 217.82 400000
94 1.9472256 216.99 400000
95 2.1419473 216.15 400000
96 2.3561423 215.31 400000
97 2.5917575 214.47 400000
98 2.8509336 213.63 400000
99 3.1360273 212.79 400000
100 3.4496279 211.94 400000
101 3.7945919 211.09 400000
102 4.1740513 210.24 400000
103 4.5914569 209.39 400000
104 5.0506005 208.54 400000
105 5.5556617 207.68 400000
106 6.111228 206.83 400000
107 6.722352 205.97 400000
108 7.394587 205.11 400000
109 8.1340446 204.25 400000
110 8.9474497 203.38 400000
111 9.8421936 202.52 400000
112 10.826414 201.65 400000
113 11.909055 200.78 400000
114 13.09996 199.9 400000
115 14.409957 199.03 400000
116 15.850951 198.07 400000
117 17.436049 197.17 400000
118 19.179653 196.28 400000
119 21.097618 195.38 400000
120 23.207378 194.49 400000
121 25.528114 193.59 400000
122 25.528366 206.65 0
123 25.528393 207.52 0
124 25.528421 208.35 0
125 25.52845 209.06 0
126 25.528484 209.79 0
127 25.528519 210.49 0
128 25.528559 211.2 0
129 25.528605 211.9 0
130 25.528652 212.57 0
131 25.528708 213.24 0
132 25.528767 213.93 0
133 25.528831 214.61 0
134 25.528902 215.3 0
135 25.528982 215.99 0
136 25.529068 216.68 0
137 25.529163 217.37 0
138 25.529268 218.09 0
139 25.529383 218.8 0
140 25.529509 219.51 0
141 25.529646 220.23 0
142 25.5298 220.95 0
143 25.529968 221.68 0
144 25.530151 222.41 0
145 25.530357 223.15 0
146 25.530584 223.89 0
147 25.53083 224.65 0
148 25.531101 225.41 0
149 25.531399 226.17 0
150 25.531729 226.94 0
151 25.532089 227.7 0
152 25.532484 228.47 0
153 25.532921 229.24 0
154 25.533401 230.02 0
155 25.533932 230.8 0
156 25.534512 231.58 0
157 25.535152 232.38 0
158 25.535858 233.17 0
159 25.536629 233.96 0
160 25.537479 234.75 0
161 25.538418 235.54 0
162 25.539448 236.34 0
163 25.540577 237.13 0
164 25.541824 237.94 0
165 25.543198 238.74 0
166 25.544704 239.54 0
167 25.546364 240.34 0
168 25.548187 241.15 0
169 25.550198 241.95 0
170 25.552406 242.75 0
171 25.554832 243.56 0
172 25.557503 244.37 0
173 25.560442 245.17 0
174 25.563675 245.97 0
175 25.567228 246.78 0
176 25.571142 247.58 0
177 25.575445 248.38 0
178 25.580177 249.19 0
179 25.585381 250.0 0
180 25.59111 250.8 0
181 25.597406 251.6 0
182 25.604336 252.4 0
183 25.611958 253.2 0
184 25.620342 254.0 0
185 25.629564 254.8 0
186 25.639709 255.6 0
187 25.650867 256.39 0
188 25.663143 257.19 0
189 25.676647 257.99 0
190 25.6915 258.78 0
191 25.70784 259.57 0
192 25.725811 260.36 0
193 25.745579 261.15 0
194 25.767326 261.95 0
195 25.791246 262.73 0
196 25.817562 263.52 0
197 25.846504 264.3 0
198 25.878345 265.08 0
199 25.913366 265.87 0
200 25.951889 266.65 0
201 25.994267 267.42 0
202 26.040882 268.19 0
203 26.092159 268.97 0
204 26.148565 269.74 0
205 26.210609 270.51 0
206 26.278856 271.27 0
207 26.35393 272.03 0
208 26.43651 272.79 0
209 26.527351 273.55 0
210 26.627274 274.3 0
211 26.73719 275.04 0
212 26.858099 275.79 0
213 26.991096 276.53 0
214 27.137394 277.26 0
215 27.298321 277.99 0
216 27.475342 278.72 0
217 27.670067 279.44 0
218 27.884262 280.15 0
219 28.119873 280.85 0
220 28.379051 281.55 0
221 28.664143 282.24 0
222 28.977745 282.93 0
223 29.322708 283.6 0
224 29.702168 284.27 0
225 30.119574 284.93 0
226 30.57872 285.57 0
227 31.083782 286.21 0
228 31.639347 286.83 0
229 32.250469 287.45 0
230 32.922703 288.05 0
231 33.662163 288.63 0
232 34.475567 289.2 0
233 35.370312 289.76 0
234 36.35453 290.31 0
235 37.437172 290.83 0
236 38.628075 291.34 0
237 39.938072 291.84 0
238 41.37907 292.33 0
239 42.964165 292.8 0
240 44.707771 293.25 0
241 46.625732 293.68 0
242 48.735497 294.1 0
243 51.056236 294.49 0
244 51.05648 281.71 400000
245 51.056511 280.81 400000
246 51.056541 280.09 400000
247 51.056568 279.37 400000
248 51.056602 278.7 400000
249 51.056637 278.06 400000
250 51.056679 277.42 400000
251 51.056725 276.8 400000
252 51.05677 276.18 400000
253 51.056824 275.54 400000
254 51.056885 274.92 400000
255 51.056946 274.3 400000
256 51.057022 273.66 400000
257 51.057098 273.03 400000
258 51.057186 272.39 400000
259 51.057281 271.74 400000
260 51.057388 271.11 400000
261 51.057503 270.46 400000
262 51.057625 269.8 400000
263 51.057762 269.14 400000
264 51.057919 268.48 400000
265 51.058083 267.81 400000
266 51.058273 267.14 400000
267 51.058472 266.46 400000
268 51.058697 265.78 400000
269 51.058949 265.09 400000
270 51.059219 264.4 400000
271 51.059517 263.7 400000
272 51.059841 263.0 400000
273 51.060204 262.29 400000
274 51.0606 261.58 400000
275 51.061035 260.86 400000
276 51.061516 260.14 400000
277 51.06205 259.42 400000
278 51.06263 258.69 400000
279 51.063271 257.96 400000
280 51.063972 257.23 400000
281 51.064743 256.49 400000
282 51.065598 255.75 400000
283 51.066528 255.0 400000
284 51.067558 254.26 400000
285 51.068699 253.5 400000
286 51.069939 252.75 400000
287 51.071312 251.99 400000
288 51.072819 251.24 400000
289 51.074478 250.48 400000
290 51.076302 249.71 400000
291 51.078312 248.94 400000
292 51.080521 248.18 400000
293 51.082947 247.41 400000
294 51.085617 246.63 400000
295 51.088562 245.86 400000
296 51.091793 245.08 400000
297 51.095345 244.3 400000
298 51.099255 243.52 400000
299 51.103558 242.74 400000
300 51.108295 241.96 400000
301 51.113495 241.17 400000
302 51.119225 240.38 400000
303 51.125526 239.59 400000
304 51.132454 238.8 400000
305 51.140076 238.01 400000
306 51.14846 237.21 400000
307 51.157684 236.42 400000
308 51.167828 235.62 400000
309 51.178986 234.82 400000
310 51.191261 234.02 400000
311 51.204765 233.22 400000
312 51.21962 232.42 400000
313 51.235954 231.61 400000
314 51.253929 230.81 400000
315 51.273697 230.0 400000
316 51.295441 229.19 400000
317 51.319366 228.39 400000
318 51.345673 227.58 400000
319 51.374622 226.76 400000
320 51.40646 225.95 400000
321 51.441483 225.14 400000
322 51.480003 224.32 400000
323 51.522385 223.51 400000
324 51.569 222.69 400000
325 51.620277 221.88 400000
326 51.676678 221.06 400000
327 51.738728 220.24 400000
328 51.806976 219.42 400000
329 51.88205 218.6 400000
330 51.96463 217.78 400000
331 52.055473 216.96 400000
332 52.155388 216.14 400000
333 52.265312 215.32 400000
334 52.386215 214.5 400000
335 52.519215 213.68 400000
336 52.665512 212.86 400000
337 52.826439 212.04 400000
338 53.00346 211.22 400000
339 53.198181 210.4 400000
340 53.412376 209.58 400000
341 53.647991 208.77 400000
342 53.907166 207.95 400000
343 54.192261 207.14 400000
344 54.505863 206.33 400000
345 54.85083 205.52 400000
346 55.230286 204.71 400000
347 55.64769 203.9 400000
348 56.106834 203.1 400000
349 56.611897 202.3 400000
350 57.167461 201.5 400000
351 57.77858 200.71 400000
352 58.450821 199.91 400000
353 59.190277 199.13 400000
354 60.003685 198.34 400000
355 60.89843 197.56 400000
356 61.882652 196.78 400000
357 62.96529 196.01 400000
358 64.156197 195.24 400000
359 65.466187 194.47 400000
360 66.907181 193.63 400000
361 68.492279 192.85 400000
362 70.235886 192.08 400000
363 72.153854 191.31 400000
364 74.263611 190.55 400000
365 76.584351 189.79 400000
