num;Mean_mse;Mean_mae;Mean_mape;Mean_aof;Median_aof;Variance;sequence;model;hour;last;tr1;tr2;gauss_noise;sin_noise;train_percent;layer_size;reg1;reg2;epochs;batch_sizes;sqrp;time_delta;epochs_1;trans_size
5148307963028071245;46.52048353633513;209.5000497340896;1501.295822292591;9.586379337310792;3.6308422088623047;372.03439388814957;DS;RNN_fs;0;2;0;0;10;0;0.7;25;0;0.005;[75];[8];1;1;[0];0
1898394654478059989;10.82796417433568;245.49810847751604;1923.3972646042662;13.637847709655762;19.559091567993164;270.1136610420531;DS;RNN_fs;0;2;0;0;5;0;0.7;25;0;0.005;[75];[8];1;1;[0];0
6174208796193807935;3.2216640800302323;239.06156267237475;708.7501815151037;50.121377563476564;52.366865158081055;197.87990796455182;IM;RNN;0;2;0;0;2;0;0.7;25;0;0.005;[75];[8];1;1;[0];0
6350973944034402561;50.54972155304726;73.53615045730717;305.93239638430396;114.75902862548828;114.021484375;2.4862046957854185;IS;RNN_fs;0;2;0;0;10;0;0.7;25;0;0.005;[75];[8];1;1;[0];0
5303170498821382029;55.99954022153499;1156.3894358362056;1084.3904134413433;101.96687316894531;98.63698959350586;212.57829271141674;IM;RNN;0;2;0;0;10;0;0.7;25;0;0.005;[75];[8];1;1;[0];0
297266551487021772;12.191026598914846;94.20774015026709;247.14222711996416;113.7566017150879;111.9452018737793;14.552733901283355;IS;RNN_fs;0;2;0;0;5;0;0.7;25;0;0.005;[75];[8];1;1;[0];0
4702839446519272180;38.92370175272393;282.77252318506345;1951.5597276663957;1.5810825824737549;4.186913728713989;156.54024363061103;DS;RNN_fs;0;2;0;0;10;0;0.7;25;0;0.01;[75];[8];1;1;[0];0
7397099245562595223;48.784394045947764;128.59989457026523;264.5473856118397;114.7217903137207;114.42492294311523;6.536503522438579;IS;RNN_fs;0;2;0;0;10;0;0.7;25;0;0.01;[75];[8];1;1;[0];0
8787834337272474679;9.140042542120097;204.72537386958038;2102.089657640828;1.9453624725341796;-3.4854769706726074;281.1616924200297;DS;RNN_fs;0;2;0;0;5;0;0.7;25;0;0.01;[75];[8];1;1;[0];0
6291406077970430474;2.1529822201001703;287.2931615836801;791.8944103940735;43.25791969299316;43.613365173339844;295.8617280380166;IM;RNN;0;2;0;0;2;0;0.7;25;0;0.01;[75];[8];1;1;[0];0
3619115693779637231;44.69774362935437;771.3555445152897;1081.682704862877;107.29574623107911;112.20513153076172;292.967241996755;IM;RNN;0;2;0;0;10;0;0.7;25;0;0.01;[75];[8];1;1;[0];0
1261526306961244215;13.232364314099854;100.21540759535527;224.3692842314857;112.74315643310547;112.43793869018555;7.75614014363382;IS;RNN_fs;0;2;0;0;5;0;0.7;25;0;0.01;[75];[8];1;1;[0];0
4386910192713064983;41.27901169274256;111.48151012628394;1041.3407115442844;31.599510526657106;15.914584159851074;826.4985273236452;DS;RNN_fs;0;2;0;0;10;0;0.7;25;0;0.05;[75];[8];1;1;[0];0
3428847581625149539;47.138827008165144;96.4362652872628;510.5767456410407;114.11465225219726;114.37405776977539;22.96162371767044;IS;RNN_fs;0;2;0;0;10;0;0.7;25;0;0.05;[75];[8];1;1;[0];0
8261238958726553347;9.978130983147974;120.26946326496605;1205.732238691711;6.678634977340698;6.984723329544067;151.14847379987668;DS;RNN_fs;0;2;0;0;5;0;0.7;25;0;0.05;[75];[8];1;1;[0];0
7622436460920568982;2.5944076154029116;38.010471740420044;544.0631332363989;72.24960136413574;78.86386489868164;459.85630129587446;IM;RNN;0;2;0;0;2;0;0.7;25;0;0.05;[75];[8];1;1;[0];0
3273178129460785903;43.37133224720056;749.3674238235955;967.121395986123;104.27011337280274;105.27278900146484;215.52947032887081;IM;RNN;0;2;0;0;10;0;0.7;25;0;0.05;[75];[8];1;1;[0];0
6101607966824562158;11.777440423565816;96.69933380219427;464.7824202951009;113.31933364868163;113.67284774780273;15.541617507336777;IS;RNN_fs;0;2;0;0;5;0;0.7;25;0;0.05;[75];[8];1;1;[0];0
324929292808578115;46.85485522482722;106.70442704809659;390.44707918531805;31.004655647277833;30.283946990966797;229.48464214135416;DS;RNN_fs;0;2;0;0;10;0;0.7;25;0;0.1;[75];[8];1;1;[0];0
4823544493215447508;49.456845947794356;152.2481523169423;733.0714187732059;101.15654754638672;99.24945068359375;56.41336302907439;IS;RNN_fs;0;2;0;0;10;0;0.7;25;0;0.1;[75];[8];1;1;[0];0
1180798742070770610;9.850436298193028;81.15006938527523;870.2166141656487;32.40446147918701;30.463377952575684;264.0579431705927;DS;RNN_fs;0;2;0;0;5;0;0.7;25;0;0.1;[75];[8];1;1;[0];0
4389165774821034469;2.272491945030523;168.97439880044735;402.05228956026883;80.62685852050781;79.07925033569336;83.9837500969437;IM;RNN;0;2;0;0;2;0;0.7;25;0;0.1;[75];[8];1;1;[0];0
7996346148872985177;42.88550398885142;894.1442999297681;1277.359259650408;107.6144302368164;104.86411666870117;98.03276397412642;IM;RNN;0;2;0;0;10;0;0.7;25;0;0.1;[75];[8];1;1;[0];0
4315599393381349561;13.286625527853626;106.80412684736393;447.3461630106373;105.75673065185546;109.54463958740234;150.25220259439433;IS;RNN_fs;0;2;0;0;5;0;0.7;25;0;0.1;[75];[8];1;1;[0];0
4310370156360145450;44.98762988271278;561.7967956342673;966.2088858990646;28.327822971343995;26.053613662719727;731.0458050650949;DS;RNN_fs;0;2;0;0;10;0;0.7;25;0;0.005;[100];[8];1;1;[0];0
8042214830056300668;11.955072973854286;489.4439572759742;1387.8746391614634;27.156078481674193;25.834768295288086;831.7506883929569;DS;RNN_fs;0;2;0;0;5;0;0.7;25;0;0.005;[100];[8];1;1;[0];0
5363423885838898166;1.7097075248949511;144.24062254040473;459.75338437044536;70.64172744750977;71.94148254394531;168.50874386785435;IM;RNN;0;2;0;0;2;0;0.7;25;0;0.005;[100];[8];1;1;[0];0
9210468025507849724;48.98411588038657;102.79321837741318;298.96200097254143;114.2682975769043;114.28451919555664;2.4779420449637106;IS;RNN_fs;0;2;0;0;10;0;0.7;25;0;0.005;[100];[8];1;1;[0];0
531542717850968903;47.598570763024384;906.8109383238249;1101.7187809105853;109.68507690429688;113.08087158203125;215.95047883730382;IM;RNN;0;2;0;0;10;0;0.7;25;0;0.005;[100];[8];1;1;[0];0
4236758052863910463;12.157483437643076;92.57261254544593;255.95408553975463;114.55597229003907;113.74621963500977;9.894275504050311;IS;RNN_fs;0;2;0;0;5;0;0.7;25;0;0.005;[100];[8];1;1;[0];0
152112037807467343;42.092755405790506;599.8770598047734;1472.1584291750364;31.206098890304567;43.17899703979492;1040.7200460504396;DS;RNN_fs;0;2;0;0;10;0;0.7;25;0;0.01;[100];[8];1;1;[0];0
2809124259355772337;11.329484147111362;618.2707901407549;1355.7636521767868;25.779986953735353;16.63000774383545;712.4237382573367;DS;RNN_fs;0;2;0;0;5;0;0.7;25;0;0.01;[100];[8];1;1;[0];0
3445522619423184608;2.812074051356285;177.48788122361663;599.40015822066;76.06513214111328;77.3556022644043;136.05353213914495;IM;RNN;0;2;0;0;2;0;0.7;25;0;0.01;[100];[8];1;1;[0];0
280057009189661838;47.86387653127139;137.8706941231422;383.7358737581806;116.60578994750976;113.23480224609375;80.70215642843921;IS;RNN_fs;0;2;0;0;10;0;0.7;25;0;0.01;[100];[8];1;1;[0];0
8622955898665374965;49.836597644920154;1167.8161960169448;1117.4090818206564;116.97613143920898;119.13313293457031;244.8474199603923;IM;RNN;0;2;0;0;10;0;0.7;25;0;0.01;[100];[8];1;1;[0];0
1533403461141596054;12.97256779720963;85.38429469778787;317.1218048364198;115.50547561645507;114.41878128051758;22.745771914942306;IS;RNN_fs;0;2;0;0;5;0;0.7;25;0;0.01;[100];[8];1;1;[0];0
6933423844776238964;42.43252108342676;436.5768037280835;488.96023499681326;67.03585290908813;78.23175811767578;1247.5352679045434;DS;RNN_fs;0;2;0;0;10;0;0.7;25;0;0.05;[100];[8];1;1;[0];0
2681443056371844255;10.274311791103875;316.94274781359155;602.1229033654771;33.90131134986878;35.39023017883301;938.4272527136942;DS;RNN_fs;0;2;0;0;5;0;0.7;25;0;0.05;[100];[8];1;1;[0];0
4029622894197419592;49.99202122277452;97.96817889059744;737.5745787250564;112.16691589355469;111.88699722290039;25.12360176626826;IS;RNN_fs;0;2;0;0;10;0;0.7;25;0;0.05;[100];[8];1;1;[0];0
6154301287183114919;2.6413404858529668;88.97340729912185;401.77822516813137;86.16935539245605;90.96759796142578;302.50254969044835;IM;RNN;0;2;0;0;2;0;0.7;25;0;0.05;[100];[8];1;1;[0];0
7492440399640103924;12.77119407530858;74.13670008697451;365.6842523847484;113.31912765502929;112.99036026000977;45.627130032680576;IS;RNN_fs;0;2;0;0;5;0;0.7;25;0;0.05;[100];[8];1;1;[0];0
3979231839454127006;47.91826603253996;770.8652099881208;1199.0946189581414;117.27571411132813;119.01785659790039;105.51892352379159;IM;RNN;0;2;0;0;10;0;0.7;25;0;0.05;[100];[8];1;1;[0];0
1587609774841635399;42.582377950239064;194.50215791145698;277.867798991315;77.29809494018555;79.24084854125977;471.6796146225032;DS;RNN_fs;0;2;0;0;10;0;0.7;25;0;0.1;[100];[8];1;1;[0];0
3235190502271060019;8.257372564013343;190.8081289123541;340.82934725394176;65.05715065002441;77.25725173950195;788.8259316965153;DS;RNN_fs;0;2;0;0;5;0;0.7;25;0;0.1;[100];[8];1;1;[0];0
6395528047685237006;48.76986851027193;127.7282322017841;826.5774829398058;103.22903289794922;106.61487197875977;43.00594735687831;IS;RNN_fs;0;2;0;0;10;0;0.7;25;0;0.1;[100];[8];1;1;[0];0
50048858911429630;3.8794233932585023;281.85925359564953;524.9323979068862;91.04234008789062;92.16753005981445;61.024618214196536;IM;RNN;0;2;0;0;2;0;0.7;25;0;0.1;[100];[8];1;1;[0];0
2290189065628522543;12.026400310577468;93.99025973087271;459.08076138102444;109.37505493164062;107.75462341308594;51.02124807011335;IS;RNN_fs;0;2;0;0;5;0;0.7;25;0;0.1;[100];[8];1;1;[0];0
3326134220004627612;45.491506307156904;784.3052988431189;1238.8728188263963;115.82941970825195;117.41326522827148;46.55296834912209;IM;RNN;0;2;0;0;10;0;0.7;25;0;0.1;[100];[8];1;1;[0];0
5132532077158001743;44.903735129811785;461.6294382449096;1279.9863577326817;48.07794055938721;45.60363578796387;794.7786358160499;DS;RNN_fs;0;2;0;0;10;0;0.7;25;0;0.005;[125];[8];1;1;[0];0
1337656106270372441;11.599790523855498;973.6131247456717;847.715370841957;58.66843690872192;56.29734230041504;1220.277371835318;DS;RNN_fs;0;2;0;0;5;0;0.7;25;0;0.005;[125];[8];1;1;[0];0
4371945487647853526;50.81336998610554;85.97399513456901;384.4220196139699;116.6570198059082;112.49267196655273;95.01920513806922;IS;RNN_fs;0;2;0;0;10;0;0.7;25;0;0.005;[125];[8];1;1;[0];0
6581504058136876079;2.577811781517995;273.5822737733941;486.8237871812374;87.48212509155273;90.66030502319336;203.3294871011103;IM;RNN;0;2;0;0;2;0;0.7;25;0;0.005;[125];[8];1;1;[0];0
6861848309674382467;12.081783476036112;67.5307506571965;313.9408355892724;114.34869232177735;113.58906555175781;8.330818349132313;IS;RNN_fs;0;2;0;0;5;0;0.7;25;0;0.005;[125];[8];1;1;[0];0
2276517059280627644;52.209950685712954;1247.7302175798047;1111.9236664684972;115.74676895141602;122.75873947143555;445.33350039129436;IM;RNN;0;2;0;0;10;0;0.7;25;0;0.005;[125];[8];1;1;[0];0
4258275926533805156;47.62558723584605;557.4088802391059;1192.6299215820532;50.46519918441773;57.92196273803711;2017.0417644392157;DS;RNN_fs;0;2;0;0;10;0;0.7;25;0;0.01;[125];[8];1;1;[0];0
800271320484399034;10.44977972559511;728.0538837554316;430.8829873355917;36.12195158004761;38.12873458862305;946.1732475056218;DS;RNN_fs;0;2;0;0;5;0;0.7;25;0;0.01;[125];[8];1;1;[0];0
4446869111140072039;50.403684528368174;51.125273640681385;471.03455510430206;115.71771240234375;114.68115997314453;14.897449504921678;IS;RNN_fs;0;2;0;0;10;0;0.7;25;0;0.01;[125];[8];1;1;[0];0
4594078958728687458;1.8524666803797765;87.46688772517378;426.80100295404793;86.9458610534668;90.25973510742188;201.65893213447941;IM;RNN;0;2;0;0;2;0;0.7;25;0;0.01;[125];[8];1;1;[0];0
3177654633290383234;12.28874517357853;74.76001297554593;380.84040392113263;117.42606201171876;114.76839447021484;46.338673145216895;IS;RNN_fs;0;2;0;0;5;0;0.7;25;0;0.01;[125];[8];1;1;[0];0
972766375866192703;47.08542956316178;559.4260864670705;1143.8086003508752;121.93138427734375;125.9478530883789;180.78615644640757;IM;RNN;0;2;0;0;10;0;0.7;25;0;0.01;[125];[8];1;1;[0];0
2746934356124952085;9.74445980556708;254.66070776061528;536.136318610418;54.156944274902344;61.29969024658203;695.456462411186;DS;RNN_fs;0;2;0;0;5;0;0.7;25;0;0.05;[125];[8];1;1;[0];0
5203780919716050937;50.371955615419225;103.33395194195461;561.6896190156588;111.8607780456543;111.77978515625;22.268799400299905;IS;RNN_fs;0;2;0;0;10;0;0.7;25;0;0.05;[125];[8];1;1;[0];0
211510450347218387;2.634287880347267;164.6167117452025;251.762612517013;92.76689910888672;92.2979736328125;92.59893008942018;IM;RNN;0;2;0;0;2;0;0.7;25;0;0.05;[125];[8];1;1;[0];0
827931315659623620;12.399933881013036;51.54214481740418;296.7143967964764;117.19987335205079;114.36420822143555;269.53241980272344;IS;RNN_fs;0;2;0;0;5;0;0.7;25;0;0.05;[125];[8];1;1;[0];0
7620794075469089256;44.1624948391629;635.202269548239;1005.5544925717098;117.63985671997071;123.59368896484375;231.75287215948396;IM;RNN;0;2;0;0;10;0;0.7;25;0;0.05;[125];[8];1;1;[0];0
10172982062801976;40.39524883639969;327.7667874611564;874.2203754609916;82.94818744659423;92.69247817993164;741.330746017804;DS;RNN_fs;0;2;0;0;10;0;0.7;25;0;0.05;[125];[8];1;1;[0];0
2207502703531090016;10.610995870910354;241.20533943945483;430.22895120552505;92.03618545532227;92.78274154663086;39.80574597659812;DS;RNN_fs;0;2;0;0;5;0;0.7;25;0;0.1;[125];[8];1;1;[0];0
4121821264657647662;49.11869616289958;117.5233008965755;489.51424609212427;102.22615814208984;103.36262130737305;31.357139283919242;IS;RNN_fs;0;2;0;0;10;0;0.7;25;0;0.1;[125];[8];1;1;[0];0
7329457245314258638;2.770276680671854;485.06882832278563;2325.316776881292;95.66254959106445;96.71160507202148;15.399131759803856;IM;RNN;0;2;0;0;2;0;0.7;25;0;0.1;[125];[8];1;1;[0];0
2184394363497547354;11.675192600804454;108.96949818727335;396.0371361841274;104.87792892456055;104.08789443969727;47.26389370157209;IS;RNN_fs;0;2;0;0;5;0;0.7;25;0;0.1;[125];[8];1;1;[0];0
5626158755788562868;48.77665943293706;384.9557075069181;1127.7139607662925;118.23923416137696;118.62973022460938;43.266861476777706;IM;RNN;0;2;0;0;10;0;0.7;25;0;0.1;[125];[8];1;1;[0];0
491523980985459192;41.18547189210817;347.7764133544489;540.6008271829976;99.41651153564453;100.4012336730957;58.14218912817305;DS;RNN_fs;0;2;0;0;10;0;0.7;25;0;0.1;[125];[8];1;1;[0];0
1777608659529378785;11.434094483504234;270.8582381611;2009.099751029918;16.942464876174927;14.215227603912354;298.3017659053456;DS;RNN_fs;0;2;0;0;5;0;0.7;30;0;0.005;[75];[8];1;1;[0];0
5919603829289990229;53.15208322494798;135.47695704470638;276.7929341868255;113.125146484375;113.40767288208008;5.975613236646168;IS;RNN_fs;0;2;0;0;10;0;0.7;30;0;0.005;[75];[8];1;1;[0];0
5973534360142062568;2.513574735180612;142.59594272501394;506.97852930068893;60.15156173706055;59.83731651306152;240.19830217964773;IM;RNN;0;2;0;0;2;0;0.7;30;0;0.005;[75];[8];1;1;[0];0
2843398983554383800;12.471254629672739;54.55043474429935;301.12655428742073;113.83145294189453;113.12653732299805;4.025268325603102;IS;RNN_fs;0;2;0;0;5;0;0.7;30;0;0.005;[75];[8];1;1;[0];0
5754609333407047971;51.063843828278664;960.6949719874799;1134.9405934191325;106.0107521057129;110.02036666870117;399.72867200250096;IM;RNN;0;2;0;0;10;0;0.7;30;0;0.005;[75];[8];1;1;[0];0
2316676487823642646;46.76196679894061;222.54875312692502;2063.177937371111;12.002547788619996;6.472466230392456;205.3999607355097;DS;RNN_fs;0;2;0;0;10;0;0.7;30;0;0.005;[75];[8];1;1;[0];0
6701989959909320095;7.976310052561527;339.0236032530041;1464.4139278908146;17.52738800048828;14.06140422821045;361.2385691178229;DS;RNN_fs;0;2;0;0;5;0;0.7;30;0;0.01;[75];[8];1;1;[0];0
2686436683596959441;48.885376646848435;89.87706064647482;427.07366677081546;113.58715286254883;113.4089469909668;1.658474978595623;IS;RNN_fs;0;2;0;0;10;0;0.7;30;0;0.01;[75];[8];1;1;[0];0
6993274812228041361;3.402334319186104;168.46569266068616;667.1346745942045;58.127384185791016;57.826419830322266;231.33091343850828;IM;RNN;0;2;0;0;2;0;0.7;30;0;0.01;[75];[8];1;1;[0];0
4388463213326786830;13.130930117277279;72.38650766610175;311.9288135533107;114.88184280395508;113.78955841064453;15.558959522359654;IS;RNN_fs;0;2;0;0;5;0;0.7;30;0;0.01;[75];[8];1;1;[0];0
1544226150696193576;51.1056472527018;561.5829671356728;1096.507012787124;108.13445205688477;110.39670944213867;313.1675083579315;IM;RNN;0;2;0;0;10;0;0.7;30;0;0.01;[75];[8];1;1;[0];0
4526573132730983537;41.972945515494295;338.4946292419253;1237.708665980878;25.920893931388854;11.137780666351318;944.8111185039597;DS;RNN_fs;0;2;0;0;10;0;0.7;30;0;0.01;[75];[8];1;1;[0];0
7450059561658378298;9.412630002377355;280.36288633332555;1399.5762982159633;3.738176441192627;9.797665119171143;279.8436078090609;DS;RNN_fs;0;2;0;0;5;0;0.7;30;0;0.05;[75];[8];1;1;[0];0
8007956667863413577;49.335755444895554;113.35593197700555;379.47162757874264;110.68766403198242;114.0033073425293;92.49624339300499;IS;RNN_fs;0;2;0;0;10;0;0.7;30;0;0.05;[75];[8];1;1;[0];0
4233569940637139906;2.9745523674729233;93.8953418077402;438.9194610121347;79.42606544494629;79.20714569091797;196.21908661061678;IM;RNN;0;2;0;0;2;0;0.7;30;0;0.05;[75];[8];1;1;[0];0
5036586824157271504;12.58073872323702;119.44926582813491;342.1461617502765;115.24551391601562;115.69435501098633;34.85506567332195;IS;RNN_fs;0;2;0;0;5;0;0.7;30;0;0.05;[75];[8];1;1;[0];0
8768142266438886741;43.97209924086156;677.957430419996;1281.2862650455934;113.05162048339844;117.42649841308594;150.1809647506685;IM;RNN;0;2;0;0;10;0;0.7;30;0;0.05;[75];[8];1;1;[0];0
1917957290030090373;46.6979242571509;218.01023688634422;811.6672333770488;47.773808288574216;50.48013496398926;299.83491175993925;DS;RNN_fs;0;2;0;0;10;0;0.7;30;0;0.05;[75];[8];1;1;[0];0
1506952654188279562;11.500218752814266;83.66492323794101;376.69167317919783;39.53819932937622;39.826332092285156;690.6930979189791;DS;RNN_fs;0;2;0;0;5;0;0.7;30;0;0.1;[75];[8];1;1;[0];0
7561056891082152441;49.51890625460061;140.77843682735838;721.4504531977311;95.51128845214843;97.60298538208008;76.5789034197363;IS;RNN_fs;0;2;0;0;10;0;0.7;30;0;0.1;[75];[8];1;1;[0];0
5437050934295522187;2.7134626515660494;245.50982105722568;616.3033199332133;84.52065238952636;87.98614883422852;264.20036874520724;IM;RNN;0;2;0;0;2;0;0.7;30;0;0.1;[75];[8];1;1;[0];0
5833656317643271530;11.645656048991672;125.18444925444321;277.2758484314469;103.51239242553712;106.69343185424805;107.34528147680744;IS;RNN_fs;0;2;0;0;5;0;0.7;30;0;0.1;[75];[8];1;1;[0];0
1892411487123565049;44.82338627269819;894.4784259684482;1179.593630925799;114.02790451049805;113.97782897949219;87.79766735117009;IM;RNN;0;2;0;0;10;0;0.7;30;0;0.1;[75];[8];1;1;[0];0
167114359253155576;44.53503490680148;249.10654071769318;431.9752295229904;54.31945915222168;57.46536636352539;497.5071902901147;DS;RNN_fs;0;2;0;0;10;0;0.7;30;0;0.1;[75];[8];1;1;[0];0
5429285668022342070;11.739195938844242;706.9069291326143;967.6273174693581;61.640180587768555;63.98046684265137;611.0581733748616;DS;RNN_fs;0;2;0;0;5;0;0.7;30;0;0.005;[100];[8];1;1;[0];0
6396110844926073745;50.8823714569278;90.5268876974041;497.00604452651686;113.36517715454102;112.11008834838867;11.868708672691719;IS;RNN_fs;0;2;0;0;10;0;0.7;30;0;0.005;[100];[8];1;1;[0];0
6713921698733271191;2.4075545611101647;406.8041392719765;686.7106318465245;86.03222351074218;89.36671829223633;109.25797019340332;IM;RNN;0;2;0;0;2;0;0.7;30;0;0.005;[100];[8];1;1;[0];0
1663411376153394658;13.549568687136887;85.81198803032342;370.9310162811823;117.85623092651367;116.44677734375;20.290413230884006;IS;RNN_fs;0;2;0;0;5;0;0.7;30;0;0.005;[100];[8];1;1;[0];0
4044178517248189260;46.04958678418499;884.8991729059353;1089.0286225842144;117.58364868164062;124.15915298461914;258.0984872084111;IM;RNN;0;2;0;0;10;0;0.7;30;0;0.005;[100];[8];1;1;[0];0
2880978889031540477;45.088871477713205;695.7176656034486;998.7526713787249;37.20711498260498;33.701008796691895;505.4627286727833;DS;RNN_fs;0;2;0;0;10;0;0.7;30;0;0.005;[100];[8];1;1;[0];0
3595725319542935490;10.518283722115282;539.0560808633616;1261.9124234782307;47.43585052490234;44.661577224731445;458.940867708915;DS;RNN_fs;0;2;0;0;5;0;0.7;30;0;0.01;[100];[8];1;1;[0];0
1553252097778059879;48.86345704775775;112.2741794258005;357.88405356954814;114.57128295898437;114.07529830932617;8.344342475975864;IS;RNN_fs;0;2;0;0;10;0;0.7;30;0;0.01;[100];[8];1;1;[0];0
6917807069276346507;1.9584805700453096;133.91421070622368;333.84771593490984;79.90000343322754;81.0803451538086;204.26459744811655;IM;RNN;0;2;0;0;2;0;0.7;30;0;0.01;[100];[8];1;1;[0];0
6828756549178478157;12.183950844268024;23.822299634401197;284.81363489587005;118.67222518920899;115.8501968383789;42.26792205852048;IS;RNN_fs;0;2;0;0;5;0;0.7;30;0;0.01;[100];[8];1;1;[0];0
4788652977394573272;46.98418690877852;837.4312415403016;1130.6084439400552;119.89893646240235;120.89917755126953;117.95311734787188;IM;RNN;0;2;0;0;10;0;0.7;30;0;0.01;[100];[8];1;1;[0];0
8867407077749166282;43.54490650314953;455.3436526056903;1254.409039632809;39.33584299087524;43.45489311218262;787.2050557950654;DS;RNN_fs;0;2;0;0;10;0;0.7;30;0;0.01;[100];[8];1;1;[0];0
7071338768818674060;10.525524624001251;272.84998335388883;253.6674581368383;43.91406936645508;51.89754676818848;730.1834545453023;DS;RNN_fs;0;2;0;0;5;0;0.7;30;0;0.05;[100];[8];1;1;[0];0
8033182311195982931;48.92076260336676;85.49361787465584;473.6192586024342;108.32644348144531;111.04911041259766;128.70926741397938;IS;RNN_fs;0;2;0;0;10;0;0.7;30;0;0.05;[100];[8];1;1;[0];0
5286501121897915635;3.0071960616837754;135.33508308133545;315.77687510987835;98.69540939331054;97.7688102722168;30.72415702381462;IM;RNN;0;2;0;0;2;0;0.7;30;0;0.05;[100];[8];1;1;[0];0
5178666379545731705;11.968736168011834;53.3163343264316;258.0775796446325;115.8690788269043;115.27511215209961;11.089344087364733;IS;RNN_fs;0;2;0;0;5;0;0.7;30;0;0.05;[100];[8];1;1;[0];0
5428978259262978610;48.93342191287441;864.0861655105646;1197.6719887599536;121.46473236083985;122.79023742675781;51.79773851315491;IM;RNN;0;2;0;0;10;0;0.7;30;0;0.05;[100];[8];1;1;[0];0
249582031837900335;41.48486566278952;382.3596904179643;344.56235927926997;72.88486156463622;88.83943176269531;866.3239868162391;DS;RNN_fs;0;2;0;0;10;0;0.7;30;0;0.05;[100];[8];1;1;[0];0
2146736980314117670;9.99220218832048;265.6605377122544;418.51618273787864;67.71742782592773;74.27447128295898;507.7236092777724;DS;RNN_fs;0;2;0;0;5;0;0.7;30;0;0.1;[100];[8];1;1;[0];0
2183653569847145136;51.10031327237247;151.4190971545194;438.2316221197733;103.66535568237305;104.80659484863281;210.02863001537335;IS;RNN_fs;0;2;0;0;10;0;0.7;30;0;0.1;[100];[8];1;1;[0];0
887823070366574488;2.539930884941616;297.68348419985085;1052.2543838005877;94.37301635742188;96.55289077758789;86.69511812293203;IM;RNN;0;2;0;0;2;0;0.7;30;0;0.1;[100];[8];1;1;[0];0
9066788682860068143;12.26932228207502;128.82078066030752;318.5367893805119;107.2866310119629;110.24431228637695;40.55662125372386;IS;RNN_fs;0;2;0;0;5;0;0.7;30;0;0.1;[100];[8];1;1;[0];0
8281690111935403916;47.51886351852243;585.3871580152233;1192.0816282896456;117.92074127197266;121.560546875;101.0741992576304;IM;RNN;0;2;0;0;10;0;0.7;30;0;0.1;[100];[8];1;1;[0];0
2940537002012919293;40.718786400450135;245.35624993793505;315.2221778485435;92.3727798461914;92.56338882446289;94.35033676170278;DS;RNN_fs;0;2;0;0;10;0;0.7;30;0;0.1;[100];[8];1;1;[0];0
593657771527787094;10.204363734528608;695.6430654308527;456.1673614161429;75.5573369026184;85.7443733215332;824.1395190555033;DS;RNN_fs;0;2;0;0;5;0;0.7;30;0;0.005;[125];[8];1;1;[0];0
132467180283084680;49.91103197015534;223.21736169035572;523.9367776035817;116.33837432861328;114.14920043945312;29.18273678863421;IS;RNN_fs;0;2;0;0;10;0;0.7;30;0;0.005;[125];[8];1;1;[0];0
3815697132053181500;1.9071168580877491;141.84451906254495;445.64506829169943;93.59823226928711;97.13513565063477;107.82317312590604;IM;RNN;0;2;0;0;2;0;0.7;30;0;0.005;[125];[8];1;1;[0];0
1196746080627135024;12.42020360617604;49.654343769981054;269.61435361532705;120.08559188842773;116.02206802368164;95.6291551285429;IS;RNN_fs;0;2;0;0;5;0;0.7;30;0;0.005;[125];[8];1;1;[0];0
137129061424325541;50.814594503166475;1095.2087781084133;1078.9274257982693;120.28453140258789;126.66912841796875;359.93477659320286;IM;RNN;0;2;0;0;10;0;0.7;30;0;0.005;[125];[8];1;1;[0];0
5267084577689590972;43.92794269152297;486.64431442811946;1259.3932438879647;75.08324241638184;77.0564193725586;740.4277496685543;DS;RNN_fs;0;2;0;0;10;0;0.7;30;0;0.005;[125];[8];1;1;[0];0
8479115972059935022;10.11887418806182;602.049876345947;400.36351111897676;73.01505851745605;74.1957893371582;680.3244447048935;DS;RNN_fs;0;2;0;0;5;0;0.7;30;0;0.01;[125];[8];1;1;[0];0
8780224990778224879;51.871861385585056;98.79267080740014;351.6692165661078;115.5793441772461;114.19666290283203;103.00586422753754;IS;RNN_fs;0;2;0;0;10;0;0.7;30;0;0.01;[125];[8];1;1;[0];0
2221757190970499565;2.4859443939384525;293.79577277812547;524.714512940715;95.5897891998291;97.57064056396484;166.3160894855102;IM;RNN;0;2;0;0;2;0;0.7;30;0;0.01;[125];[8];1;1;[0];0
6302314923292695462;12.560053672329547;73.40713727761505;209.28028412923854;124.48562545776367;127.81719970703125;90.81725250038376;IS;RNN_fs;0;2;0;0;5;0;0.7;30;0;0.01;[125];[8];1;1;[0];0
1826601988947889616;45.37873769606598;923.7446345648374;1174.2862372142085;117.71164932250977;123.36300277709961;271.8103874876286;IM;RNN;0;2;0;0;10;0;0.7;30;0;0.01;[125];[8];1;1;[0];0
9079573054481336095;42.59849391658052;464.2173300037487;1144.416626059836;64.67366533279419;82.58024597167969;1946.5536139662677;DS;RNN_fs;0;2;0;0;10;0;0.7;30;0;0.01;[125];[8];1;1;[0];0
2724615795486785625;10.971814128082144;280.10797466954045;248.15038455147152;60.371111679077146;58.51214790344238;555.5055395104139;DS;RNN_fs;0;2;0;0;5;0;0.7;30;0;0.05;[125];[8];1;1;[0];0
3540013747306015277;51.717981462307094;71.48799543894704;523.8062285781486;106.34907455444336;111.41141128540039;225.7093733347539;IS;RNN_fs;0;2;0;0;10;0;0.7;30;0;0.05;[125];[8];1;1;[0];0
7825004836770626081;2.619539690306868;187.50375253433876;427.8428374841061;103.05447158813476;106.8410873413086;59.85842577281932;IM;RNN;0;2;0;0;2;0;0.7;30;0;0.05;[125];[8];1;1;[0];0
6211494338420852280;12.253638385503736;78.67776558571589;295.7698803670537;117.17965621948242;115.46528625488281;41.32988823194115;IS;RNN_fs;0;2;0;0;5;0;0.7;30;0;0.05;[125];[8];1;1;[0];0
2032411653518472478;50.64803060725896;435.8395870243755;1180.2410729733206;119.20203552246093;122.72040939331055;125.19354677231517;IM;RNN;0;2;0;0;10;0;0.7;30;0;0.05;[125];[8];1;1;[0];0
7113191605944499082;43.8271023899451;314.3978784427987;551.7152054947982;91.777095413208;99.59647750854492;599.2840996544647;DS;RNN_fs;0;2;0;0;10;0;0.7;30;0;0.05;[125];[8];1;1;[0];0
2512390668700137968;11.007662920711162;198.29754555835;372.0490304204789;95.9340087890625;96.78324890136719;46.40528718504588;DS;RNN_fs;0;2;0;0;5;0;0.7;30;0;0.1;[125];[8];1;1;[0];0
3182673800977817964;49.260483908744995;133.51383219469835;437.36415569871514;93.54773750305176;101.75739669799805;338.772650107405;IS;RNN_fs;0;2;0;0;10;0;0.7;30;0;0.1;[125];[8];1;1;[0];0
6050475843059364635;2.560934553158396;502.3525857318714;3545.8316192784296;99.53601989746093;99.72917556762695;33.19780208123615;IM;RNN;0;2;0;0;2;0;0.7;30;0;0.1;[125];[8];1;1;[0];0
1446434145233215775;11.907301608200262;103.31110869908773;315.13466580493014;111.87237167358398;110.51091003417969;106.64596887283551;IS;RNN_fs;0;2;0;0;5;0;0.7;30;0;0.1;[125];[8];1;1;[0];0
1307396648649827486;44.23158607031267;431.1171655904295;985.3674108347486;114.08202056884765;118.9609146118164;196.10992095392666;IM;RNN;0;2;0;0;10;0;0.7;30;0;0.1;[125];[8];1;1;[0];0
821998725574029133;40.58485531094432;264.3489322842151;587.2210734252857;106.71816482543946;108.71753692626953;16.959033766307986;DS;RNN_fs;0;2;0;0;10;0;0.7;30;0;0.1;[125];[8];1;1;[0];0
3254454258621556859;10.30862597936438;390.1894288095008;1137.8133163315933;43.69324650764465;44.82071304321289;302.25474064981853;DS;RNN_fs;0;2;0;0;5;0;0.7;35;0;0.005;[75];[8];1;1;[0];0
4302439642623941865;49.56554407033789;140.1566677364995;306.6337391113829;113.64065170288086;113.26965713500977;5.521316862330423;IS;RNN_fs;0;2;0;0;10;0;0.7;35;0;0.005;[75];[8];1;1;[0];0
1856585367176490936;1.9666497154656746;189.58080383037105;492.6893845157662;71.91711959838867;67.47770690917969;132.76849905196636;IM;RNN;0;2;0;0;2;0;0.7;35;0;0.005;[75];[8];1;1;[0];0
8438325047373709222;12.640896748909459;107.48541054668439;259.7366793373415;115.05118103027344;113.57792663574219;20.02290279951645;IS;RNN_fs;0;2;0;0;5;0;0.7;35;0;0.005;[75];[8];1;1;[0];0
2689882211577585209;52.88161934604326;927.1857445125061;1231.5075235496538;113.64048614501954;115.89303207397461;176.8236371008656;IM;RNN;0;2;0;0;10;0;0.7;35;0;0.005;[75];[8];1;1;[0];0
6783659433194651654;42.742738330649395;245.11600736160804;1842.9021521041886;31.098440313339232;27.847389221191406;378.3519918568116;DS;RNN_fs;0;2;0;0;10;0;0.7;35;0;0.005;[75];[8];1;1;[0];0
5678206601024895578;9.752526626537938;339.74585657692484;1506.9598046242622;27.06992835998535;26.90351390838623;330.7442372958782;DS;RNN_fs;0;2;0;0;5;0;0.7;35;0;0.01;[75];[8];1;1;[0];0
6037461209557879600;50.13179385053032;143.38454919287935;459.5818449418422;114.04044494628906;113.23604965209961;4.828817117910367;IS;RNN_fs;0;2;0;0;10;0;0.7;35;0;0.01;[75];[8];1;1;[0];0
9199734405831390961;3.0875187556377526;235.8709008932148;339.38813018922355;78.43634719848633;76.54792404174805;104.30843696779861;IM;RNN;0;2;0;0;2;0;0.7;35;0;0.01;[75];[8];1;1;[0];0
7718786175974911391;12.109329278807133;50.14276179079765;314.57212487243385;114.31317138671875;113.5103988647461;9.740050363878254;IS;RNN_fs;0;2;0;0;5;0;0.7;35;0;0.01;[75];[8];1;1;[0];0
2273805432320911731;42.787133841019475;711.8410845796075;1157.1037087236937;112.22484474182129;121.43223190307617;444.55741468879876;IM;RNN;0;2;0;0;10;0;0.7;35;0;0.01;[75];[8];1;1;[0];0
2724111093952403601;41.33742164057337;258.4217586360501;2136.3555253060285;34.32252054214477;27.01085376739502;722.3216603458579;DS;RNN_fs;0;2;0;0;10;0;0.7;35;0;0.01;[75];[8];1;1;[0];0
782308521095459112;9.998885055119409;190.93080322728156;691.594562632132;35.42745409011841;26.36744499206543;463.5036498052153;DS;RNN_fs;0;2;0;0;5;0;0.7;35;0;0.05;[75];[8];1;1;[0];0
3573747303795294166;51.102673316082814;95.98590883804492;558.2467159882261;110.65605773925782;112.80755615234375;20.282477577331008;IS;RNN_fs;0;2;0;0;10;0;0.7;35;0;0.05;[75];[8];1;1;[0];0
6809444892113528451;4.288506155475777;113.60989575883418;238.20305322965677;87.46873168945312;88.47671508789062;56.903053891067394;IM;RNN;0;2;0;0;2;0;0.7;35;0;0.05;[75];[8];1;1;[0];0
2983286953434297844;11.456735660347153;75.05341934024845;245.10493227235006;108.89823455810547;112.93314743041992;113.25518108834744;IS;RNN_fs;0;2;0;0;5;0;0.7;35;0;0.05;[75];[8];1;1;[0];0
4966284435081577357;45.41245782013024;792.4164665060323;1183.4512307858045;119.34587326049805;120.49833297729492;47.43524147378106;IM;RNN;0;2;0;0;10;0;0.7;35;0;0.05;[75];[8];1;1;[0];0
3358439137418842960;41.43490346537122;227.15537879632197;509.32253317851655;56.93164749145508;55.64962577819824;273.0481535052089;DS;RNN_fs;0;2;0;0;10;0;0.7;35;0;0.05;[75];[8];1;1;[0];0
4062033090158705319;8.284593229755128;166.7431449237772;556.4498323199277;56.681234169006345;61.0552978515625;421.2042527173459;DS;RNN_fs;0;2;0;0;5;0;0.7;35;0;0.1;[75];[8];1;1;[0];0
8122575859686889111;49.52542944554851;120.8255292433469;469.7448761720827;102.64926300048828;103.78689193725586;62.77746311262948;IS;RNN_fs;0;2;0;0;10;0;0.7;35;0;0.1;[75];[8];1;1;[0];0
939567581526127501;2.9122519646883056;197.40544916082172;1222.2683496117938;91.03541107177735;90.75854110717773;75.54919561030343;IM;RNN;0;2;0;0;2;0;0.7;35;0;0.1;[75];[8];1;1;[0];0
8539676885879743712;11.996583724258164;106.38204875527715;290.4749393980545;109.96536331176758;114.3098258972168;59.396630342740686;IS;RNN_fs;0;2;0;0;5;0;0.7;35;0;0.1;[75];[8];1;1;[0];0
2472591199991784941;51.42434296267287;837.5997792009637;1169.5858165031314;116.15948715209962;118.70380401611328;94.01156545043982;IM;RNN;0;2;0;0;10;0;0.7;35;0;0.1;[75];[8];1;1;[0];0
5986883801300869391;39.227507857218555;254.66367095385073;344.65531301130846;73.72475242614746;78.1468276977539;542.1353329430603;DS;RNN_fs;0;2;0;0;10;0;0.7;35;0;0.1;[75];[8];1;1;[0];0
5142709072483742566;10.882548567477745;620.6561412689681;1389.2506517329432;49.37204999923706;31.353495597839355;1584.2362946437177;DS;RNN_fs;0;2;0;0;5;0;0.7;35;0;0.005;[100];[8];1;1;[0];0
565745581554266557;50.963523433601026;126.40059285551524;293.9187612665523;113.02778396606445;113.09111785888672;20.851092381252094;IS;RNN_fs;0;2;0;0;10;0;0.7;35;0;0.005;[100];[8];1;1;[0];0
7575154618905867291;3.2544286280002646;75.46571259942282;686.4526565880923;90.79330902099609;91.79219436645508;99.71264845093481;IM;RNN;0;2;0;0;2;0;0.7;35;0;0.005;[100];[8];1;1;[0];0
1813012889291223564;12.398389671151163;105.44122657615867;405.88140890087374;121.1035171508789;118.55804824829102;85.82348164459458;IS;RNN_fs;0;2;0;0;5;0;0.7;35;0;0.005;[100];[8];1;1;[0];0
5777673126537892865;51.74326701880087;641.4692014547029;1017.7011248141962;113.79120216369628;125.58762741088867;535.5856066679887;IM;RNN;0;2;0;0;10;0;0.7;35;0;0.005;[100];[8];1;1;[0];0
7715777072810530935;43.308989679770434;523.7287315933229;1210.683998376915;60.90546836853027;74.9580192565918;1150.584040794037;DS;RNN_fs;0;2;0;0;10;0;0.7;35;0;0.005;[100];[8];1;1;[0];0
2721803989489465127;10.116907140834684;401.3242439758181;465.76593186061075;58.2541862487793;66.07157897949219;379.64841540253025;DS;RNN_fs;0;2;0;0;5;0;0.7;35;0;0.01;[100];[8];1;1;[0];0
7219322748992954993;50.14016410216927;93.76479298413365;536.5467589189018;113.15384521484376;113.81315231323242;8.775933880205265;IS;RNN_fs;0;2;0;0;10;0;0.7;35;0;0.01;[100];[8];1;1;[0];0
8527665942921520557;2.4229857147386604;140.06273778596704;580.5665988328203;89.45221939086915;89.55728530883789;38.99114141340891;IM;RNN;0;2;0;0;2;0;0.7;35;0;0.01;[100];[8];1;1;[0];0
7886779913024772701;12.529156568984167;132.70696378150288;231.79623945783533;120.16965255737304;114.91031646728516;121.81835022664222;IS;RNN_fs;0;2;0;0;5;0;0.7;35;0;0.01;[100];[8];1;1;[0];0
5172977221235361920;46.87906042362577;964.766588929216;1228.6130762233054;119.14046859741211;125.79131317138672;427.6832059075503;IM;RNN;0;2;0;0;10;0;0.7;35;0;0.01;[100];[8];1;1;[0];0
1720042652633408898;41.40673638026696;474.7125613337524;651.1773014016561;69.61395239830017;75.9857406616211;955.7150259700993;DS;RNN_fs;0;2;0;0;10;0;0.7;35;0;0.01;[100];[8];1;1;[0];0
8813957531896217895;10.899533846758967;297.18734336398757;392.9712494182287;43.079315948486325;48.929059982299805;802.1236227114912;DS;RNN_fs;0;2;0;0;5;0;0.7;35;0;0.05;[100];[8];1;1;[0];0
7370077365142327537;51.055308951707566;94.89063643886433;518.4917867814759;113.23764495849609;111.4842643737793;118.40552505541362;IS;RNN_fs;0;2;0;0;10;0;0.7;35;0;0.05;[100];[8];1;1;[0];0
6870498808392167106;2.7533459883682356;172.16297298825617;610.1419204303686;97.93043518066406;101.09245681762695;73.37114893489051;IM;RNN;0;2;0;0;2;0;0.7;35;0;0.05;[100];[8];1;1;[0];0
984342070179963748;12.026899638454541;62.11645013380443;315.2895589344204;115.53714218139649;114.50188064575195;16.014329588832915;IS;RNN_fs;0;2;0;0;5;0;0.7;35;0;0.05;[100];[8];1;1;[0];0
4335786293213254397;42.83812614988762;684.9368286332231;1163.6085737342355;120.93246841430664;121.99674987792969;135.170700603156;IM;RNN;0;2;0;0;10;0;0.7;35;0;0.05;[100];[8];1;1;[0];0
8139464712946198113;42.1276572325853;298.9684073210998;475.1833239662634;82.18175678253174;95.15263366699219;777.4749035351812;DS;RNN_fs;0;2;0;0;10;0;0.7;35;0;0.05;[100];[8];1;1;[0];0
6961967554887945014;11.762498086850513;215.96787517821681;236.23396516033958;79.8731918334961;83.24201583862305;86.03531888603466;DS;RNN_fs;0;2;0;0;5;0;0.7;35;0;0.1;[100];[8];1;1;[0];0
1773596356469635368;50.671292808369806;133.9298781112457;343.0351809001962;102.7548843383789;104.33861541748047;108.60716492872218;IS;RNN_fs;0;2;0;0;10;0;0.7;35;0;0.1;[100];[8];1;1;[0];0
4812008768609402346;2.702294922270317;369.835331713546;1005.3321751340925;98.24888305664062;99.4976692199707;63.91354427682468;IM;RNN;0;2;0;0;2;0;0.7;35;0;0.1;[100];[8];1;1;[0];0
9118141574848465867;43.5381972139357;229.8844107398808;440.363415757;102.6305763244629;103.52790832519531;56.413822331017;DS;RNN_fs;0;2;0;0;10;0;0.7;35;0;0.1;[100];[8];1;1;[0];0
5323268919317878547;12.48869967845651;115.24265778104174;272.12061291435805;113.83339996337891;114.93946838378906;14.879382589904129;IS;RNN_fs;0;2;0;0;5;0;0.7;35;0;0.1;[100];[8];1;1;[0];0
3100959573989640417;45.62471568228919;625.7126113277423;1151.0742287925218;117.5495391845703;120.75148391723633;77.40095726966159;IM;RNN;0;2;0;0;10;0;0.7;35;0;0.1;[100];[8];1;1;[0];0
5287164787868250658;9.613146240557265;408.420657039133;601.6367923508989;77.14063186645508;82.7428207397461;1025.5616307260493;DS;RNN_fs;0;2;0;0;5;0;0.7;35;0;0.005;[125];[8];1;1;[0];0
6800601995581716496;47.142175559012294;518.9609651322041;1567.82991988883;55.8856614112854;60.473915100097656;1457.3275371838133;DS;RNN_fs;0;2;0;0;10;0;0.7;35;0;0.005;[125];[8];1;1;[0];0
2895368155370625959;51.35622581539642;117.3242802737615;436.50483596706147;115.4578239440918;113.66447067260742;50.6561678357824;IS;RNN_fs;0;2;0;0;10;0;0.7;35;0;0.005;[125];[8];1;1;[0];0
3061117127296770603;2.5215496411029794;60.78215423718733;567.5715327593175;98.20005416870117;101.20811462402344;58.15656442423642;IM;RNN;0;2;0;0;2;0;0.7;35;0;0.005;[125];[8];1;1;[0];0
2626569619963452668;12.849119345472996;35.14714176751885;177.8139137434777;124.60568923950196;123.61958312988281;98.21541679112066;IS;RNN_fs;0;2;0;0;5;0;0.7;35;0;0.005;[125];[8];1;1;[0];0
8659720224171908947;42.33270619919198;756.5221552587018;1132.737723833859;120.75588836669922;126.96695327758789;403.18627400697204;IM;RNN;0;2;0;0;10;0;0.7;35;0;0.005;[125];[8];1;1;[0];0
6003420839155296662;42.48099652000937;562.2809477629812;865.3499467196176;81.29083442687988;82.52472305297852;677.3669511908644;DS;RNN_fs;0;2;0;0;10;0;0.7;35;0;0.01;[125];[8];1;1;[0];0
7588244377916661004;42.47093261692642;360.021983973937;479.6903226719502;90.9684705734253;103.38225173950195;1354.8635366652402;DS;RNN_fs;0;2;0;0;10;0;0.7;35;0;0.05;[125];[8];1;1;[0];0
3796930406222539291;42.88050290559982;276.8717898294583;486.4839430852524;106.00484161376953;107.27552032470703;43.13911931343843;DS;RNN_fs;0;2;0;0;10;0;0.7;35;0;0.1;[125];[8];1;1;[0];0
